time_ms,bme_temp,dht_temp
275747,29.92,30.20
277773,29.91,30.30
279799,29.91,30.30
281825,29.91,30.30
283851,29.92,30.20
285877,29.92,30.30
287903,29.92,30.30
289929,29.92,30.30
291956,29.92,30.30
293982,29.91,30.30
296008,29.91,30.30
298034,29.91,30.30
300060,29.90,30.30
302086,29.89,30.30
304112,29.90,30.20
306139,29.90,30.20
308165,29.90,30.20
310191,29.89,30.20
312217,29.90,30.20
314243,29.90,30.20
316269,29.91,30.20
318295,29.91,30.20
320321,29.91,30.20
322347,29.91,30.20
324373,29.91,30.20
326399,29.91,30.20
328425,29.90,30.20
330451,29.91,30.20
332477,29.91,30.20
334504,29.91,30.20
336530,29.91,30.20
338556,29.90,30.20
340582,29.90,30.20
342608,29.91,30.20
344634,29.90,30.20
346660,29.90,30.20
348686,29.90,30.20
350712,29.90,30.20
352738,29.89,30.20
354764,29.89,30.20
356790,29.89,30.20
358816,29.89,30.20
360842,29.89,30.20
362868,29.88,30.20
364894,29.88,30.20
366920,29.89,30.20
368946,29.88,30.20
370973,29.88,30.20
372999,29.89,30.20
375025,29.88,30.20
377051,29.89,30.20
379077,29.89,30.20
381103,29.89,30.20
383129,29.88,30.20
385155,29.88,30.20
387181,29.87,30.20
389208,29.86,30.10
391234,29.86,30.10
393260,29.86,30.10
395286,29.86,30.10
397312,29.86,30.10
399338,29.87,30.10
401364,29.86,30.10
403390,29.85,30.10
405416,29.85,30.10
407442,29.85,30.10
409468,29.85,30.10
411494,29.85,30.10
413520,29.86,30.10
415546,29.85,30.10
417572,29.85,30.10
419599,29.85,30.10
421625,29.86,30.10
423651,29.85,30.10
425677,29.85,30.10
427703,29.85,30.10
429729,29.84,30.10
431755,29.83,30.10
433781,29.83,30.10
435807,29.83,30.10
437833,29.82,30.10
439859,29.81,30.10
441885,29.81,30.10
443911,29.81,30.10
445937,29.81,30.10
447963,29.81,30.10
449989,29.81,30.10
452015,29.80,30.10
454042,29.81,30.10
456068,29.81,30.10
458094,29.81,30.10
460120,29.82,30.10
462145,29.82,30.10
464171,29.81,30.10
466197,29.80,30.10
468223,29.81,30.10
470249,29.81,30.10
472275,29.82,30.10
474301,29.81,30.10
476327,29.82,30.10
478353,29.82,30.10
480379,29.82,30.10
482405,29.81,30.10
484431,29.81,30.10
486458,29.80,30.10
488484,29.80,30.10
490510,29.79,30.10
492536,29.79,30.10
494562,29.78,30.10
496588,29.78,30.10
498614,29.77,30.00
500640,29.76,30.00
502666,29.77,30.00
504693,29.75,30.00
506719,29.77,30.00
508745,29.76,30.00
510771,29.76,30.00
512797,29.77,30.00
514823,29.76,30.00
516849,29.77,30.00
518875,29.77,30.00
520901,29.78,30.00
522927,29.77,30.00
524954,29.77,30.00
526980,29.76,30.00
529006,29.76,30.00
531032,29.76,30.00
533058,29.75,30.00
535084,29.75,30.00
537110,29.75,30.00
539136,29.75,30.00
541162,29.75,30.00
543188,29.75,30.00
545214,29.75,30.00
547240,29.75,30.00
549266,29.75,30.00
551292,29.75,30.00
553318,29.76,30.00
555344,29.75,30.00
557370,29.76,30.00
559396,29.75,30.00
561422,29.74,30.00
563448,29.74,30.00
565475,29.74,30.00
567501,29.73,30.00
569527,29.73,30.00
571553,29.73,30.00
573579,29.72,29.90
575605,29.72,30.00
577631,29.71,29.90
579657,29.71,29.90
581683,29.71,29.90
583709,29.71,29.90
585735,29.72,29.90
587762,29.72,29.90
589788,29.72,29.90
591814,29.72,29.90
593840,29.72,29.90
595866,29.72,29.90
597892,29.71,29.90
599918,29.71,29.90
601945,29.71,29.90
603971,29.70,29.90
605997,29.71,29.90
608023,29.71,29.90
610049,29.71,29.90
612075,29.71,29.90
614101,29.72,29.90
616128,29.71,29.90
618154,29.72,29.90
620180,29.71,29.90
622206,29.72,29.90
624232,29.71,29.90
626258,29.71,29.90
628285,29.71,29.90
630312,29.71,29.90
632338,29.71,29.90
634364,29.71,29.90
636390,29.70,29.90
638416,29.70,29.90
640442,29.70,29.90
642468,29.70,29.90
644495,29.70,29.90
646521,29.69,29.90
648547,29.70,29.90
650573,29.69,29.90
652599,29.69,29.90
654625,29.69,29.90
656651,29.68,29.90
658678,29.69,29.90
660704,29.68,29.90
662730,29.68,29.90
664756,29.67,29.90
666782,29.68,29.90
668808,29.67,29.90
670834,29.67,29.90
672861,29.67,29.90
674887,29.67,29.90
676913,29.66,29.90
678939,29.67,29.90
680965,29.66,29.90
682991,29.66,29.90
685017,29.66,29.90
687044,29.65,29.90
689070,29.65,29.90
691096,29.65,29.90
693122,29.65,29.90
695148,29.65,29.90
697174,29.65,29.90
699200,29.65,29.90
701227,29.66,29.90
703253,29.65,29.90
705279,29.66,29.90
707305,29.66,29.90
709332,29.66,29.90
711358,29.65,29.90
713384,29.66,29.90
715411,29.66,29.90
717437,29.65,29.90
719463,29.66,29.90
721489,29.65,29.90
723515,29.66,29.90
725541,29.66,29.90
727567,29.65,29.90
729594,29.65,29.90
731620,29.65,29.90
733646,29.66,29.90
735672,29.66,29.90
737698,29.66,29.90
739724,29.66,29.90
741750,29.66,29.90
743777,29.66,29.90
745803,29.66,29.90
747829,29.66,29.90
749855,29.65,29.90
751881,29.66,29.90
753907,29.65,29.90
755933,29.65,29.90
757960,29.65,29.90
759986,29.64,29.90
762012,29.65,29.90
764038,29.64,29.90
766064,29.64,29.90
768090,29.64,29.90
770116,29.64,29.90
772143,29.64,29.90
774169,29.65,29.90
776195,29.65,29.90
778221,29.65,29.90
780247,29.65,29.90
782273,29.65,29.90
784300,29.65,29.90
786326,29.65,29.90
788352,29.65,29.90
790378,29.65,29.90
792404,29.65,29.90
794431,29.65,29.90
796457,29.66,29.90
798483,29.65,29.90
800509,29.65,29.90
802535,29.66,29.90
804561,29.65,29.90
806587,29.65,29.90
808614,29.65,29.90
810640,29.64,29.90
812666,29.65,29.90
814692,29.65,29.90
816718,29.64,29.90
818744,29.64,29.90
820770,29.64,29.90
822797,29.64,29.90
824823,29.65,29.90
826849,29.65,29.90
828875,29.64,29.90
830901,29.65,29.90
832927,29.65,29.90
834953,29.65,29.90
836980,29.65,29.90
839006,29.65,29.90
841032,29.65,29.90
843058,29.65,29.90
845084,29.65,29.90
847110,29.64,29.90
849136,29.64,29.90
851163,29.64,29.90
853189,29.64,29.90
855215,29.64,29.90
857241,29.64,29.90
859267,29.64,29.90
861293,29.64,29.90
863320,29.64,29.90
865346,29.64,29.90
867372,29.64,29.90
869397,29.64,29.90
871423,29.64,29.90
873449,29.64,29.90
875475,29.64,29.90
877501,29.64,29.90
879528,29.64,29.90
881554,29.63,29.90
883580,29.63,29.90
885606,29.63,29.90
887632,29.63,29.90
889658,29.63,29.90
891684,29.64,29.90
893711,29.64,29.90
895737,29.64,29.90
897763,29.64,29.90
899789,29.64,29.90
901815,29.63,29.90
903841,29.63,29.90
905867,29.63,29.90
907894,29.64,29.90
909920,29.63,29.90
911946,29.64,29.90
913972,29.65,29.90
915998,29.66,29.90
918024,29.65,29.90
920050,29.65,29.90
922077,29.65,29.90
924103,29.65,29.90
926129,29.64,29.90
928155,29.64,29.90
930181,29.64,29.90
932207,29.63,29.90
934233,29.64,29.90
936260,29.63,29.90
938286,29.63,29.90
940312,29.63,29.90
942338,29.63,29.90
944365,29.63,29.90
946391,29.64,29.90
948417,29.63,29.90
950443,29.64,29.90
952469,29.64,29.90
954495,29.63,29.90
956521,29.64,29.90
958548,29.63,29.90
960574,29.63,29.90
962600,29.63,29.90
964626,29.62,29.90
966652,29.63,29.90
968678,29.64,29.90
970704,29.64,29.90
972731,29.64,29.90
974757,29.64,29.90
976783,29.64,29.90
978809,29.65,29.90
980835,29.65,29.90
982861,29.65,29.90
984887,29.65,29.90
986914,29.65,29.90
988940,29.65,29.90
990966,29.65,29.90
992992,29.65,29.90
995018,29.66,29.90
997044,29.65,29.90
999070,29.65,29.90
1001097,29.65,29.90
1003123,29.66,29.90
1005149,29.66,29.90
1007175,29.66,29.90
1009201,29.66,29.90
1011227,29.66,29.90
1013254,29.66,29.90
1015280,29.66,29.90
1017306,29.65,29.90
1019332,29.65,29.90
1021358,29.65,29.90
1023385,29.65,29.90
1025411,29.65,29.90
1027437,29.65,29.90
1029464,29.65,29.90
1031490,29.65,29.90
1033516,29.65,29.90
1035542,29.66,29.90
1037569,29.64,29.90
1039595,29.65,29.90
1041621,29.64,29.90
1043647,29.64,29.90
1045673,29.65,29.90
1047699,29.65,29.90
1049725,29.64,29.90
1051752,29.65,29.90
1053778,29.65,29.90
1055804,29.65,29.90
1057830,29.65,29.90
1059856,29.66,29.90
1061883,29.66,29.90
1063909,29.66,29.90
1065935,29.66,29.90
1067962,29.66,29.90
1069988,29.66,29.90
1072014,29.66,29.90
1074040,29.65,29.90
1076066,29.65,29.90
1078092,29.65,29.90
1080119,29.65,29.90
1082145,29.65,29.90
1084171,29.65,29.90
1086197,29.65,29.90
1088223,29.64,29.90
1090249,29.65,29.90
1092275,29.65,29.90
1094302,29.65,29.90
1096328,29.66,29.90
1098354,29.65,29.90
1100380,29.65,29.90
1102406,29.65,29.90
1104432,29.65,29.90
1106458,29.65,29.90
1108485,29.66,29.90
1110511,29.66,29.90
1112537,29.65,29.90
1114563,29.65,29.90
1116589,29.65,29.90
1118615,29.64,29.90
1120641,29.64,29.90
1122668,29.63,29.90
1124694,29.64,29.90
1126720,29.64,29.90
1128746,29.65,29.90
1130772,29.63,29.90
1132798,29.64,29.90
1134825,29.64,29.90
1136851,29.64,29.90
1138878,29.64,29.90
1140904,29.63,29.90
1142930,29.63,29.90
1144956,29.63,29.90
1146982,29.63,29.90
1149009,29.64,29.90
1151035,29.63,29.90
1153061,29.64,29.90
1155087,29.64,29.90
1157113,29.64,29.90
1159139,29.64,29.90
1161165,29.64,29.90
1163192,29.64,29.90
1165218,29.64,29.90
1167244,29.64,29.90
1169270,29.64,29.90
1171296,29.64,29.90
1173322,29.64,29.90
1175348,29.64,29.90
1177375,29.64,29.90
1179401,29.64,29.90
1181427,29.64,29.90
1183453,29.64,29.90
1185479,29.63,29.90
1187505,29.63,29.90
1189531,29.64,29.90
1191558,29.63,29.90
1193584,29.64,29.90
1195610,29.64,29.90
1197636,29.64,29.90
1199662,29.64,29.90
1201688,29.64,29.90
1203714,29.65,29.90
1205741,29.65,29.90
1207767,29.65,29.90
1209793,29.64,29.90
1211819,29.65,29.90
1213845,29.65,29.90
1215871,29.65,29.90
1217897,29.65,29.90
1219924,29.64,29.90
1221950,29.64,29.90
1223976,29.64,29.90
1226002,29.63,29.90
1228028,29.64,29.90
1230054,29.64,29.90
1232081,29.64,29.90
1234107,29.63,29.90
1236133,29.64,29.90
1238159,29.64,29.90
1240185,29.64,29.90
1242211,29.64,29.90
1244237,29.64,29.90
1246264,29.64,29.90
1248290,29.64,29.90
1250316,29.63,29.90
1252342,29.63,29.90
1254368,29.63,29.90
1256395,29.63,29.90
1258421,29.62,29.90
1260447,29.63,29.90
1262474,29.63,29.90
1264500,29.63,29.90
1266526,29.62,29.90
1268552,29.62,29.90
1270578,29.62,29.90
1272604,29.62,29.90
1274631,29.62,29.90
1276657,29.62,29.90
1278683,29.63,29.90
1280709,29.62,29.90
1282735,29.63,29.90
1284761,29.64,29.90
1286787,29.63,29.90
1288814,29.63,29.90
1290840,29.63,29.90
1292866,29.63,29.90
1294892,29.63,29.90
1296918,29.63,29.90
1298944,29.63,29.90
1300970,29.63,29.90
1302997,29.63,29.90
1305023,29.63,29.90
1307049,29.63,29.90
1309075,29.62,29.90
1311101,29.63,29.90
1313127,29.63,29.90
1315153,29.63,29.90
1317180,29.63,29.90
1319206,29.63,29.90
1321232,29.62,29.90
1323258,29.62,29.90
1325284,29.62,29.90
1327310,29.62,29.90
1329336,29.62,29.90
1331363,29.62,29.90
1333389,29.62,29.90
1335415,29.61,29.90
1337441,29.61,29.90
1339467,29.61,29.90
1341493,29.61,29.90
1343520,29.61,29.90
1345546,29.61,29.90
1347572,29.61,29.90
1349598,29.60,29.90
1351624,29.61,29.90
1353650,29.62,29.90
1355676,29.61,29.90
1357703,29.61,29.90
1359729,29.61,29.90
1361755,29.60,29.90
1363781,29.61,29.90
1365807,29.60,29.90
1367833,29.60,29.90
1369859,29.60,29.90
1371886,29.60,29.90
1373913,29.60,29.90
1375939,29.61,29.90
1377965,29.61,29.90
1379991,29.61,29.90
1382017,29.61,29.90
1384043,29.62,29.90
1386070,29.62,29.90
1388096,29.61,29.90
1390122,29.61,29.90
1392148,29.61,29.90
1394174,29.61,29.90
1396200,29.61,29.90
1398226,29.61,29.90
1400253,29.61,29.90
1402279,29.61,29.90
1404305,29.61,29.90
1406331,29.61,29.90
1408357,29.62,29.90
1410383,29.62,29.90
1412409,29.63,29.90
1414436,29.63,29.90
1416462,29.63,29.90
1418488,29.63,29.90
1420514,29.63,29.90
1422540,29.62,29.90
1424566,29.62,29.90
1426592,29.62,29.90
1428619,29.62,29.90
1430645,29.62,29.90
1432671,29.63,29.90
1434697,29.63,29.90
1436723,29.63,29.90
1438749,29.63,29.90
1440775,29.63,29.90
1442802,29.63,29.90
1444828,29.63,29.90
1446854,29.64,29.90
1448880,29.63,29.90
1450906,29.63,29.90
1452932,29.63,29.90
1454959,29.63,29.90
1456985,29.62,29.90
1459011,29.63,29.90
1461037,29.63,29.90
1463063,29.62,29.90
1465089,29.62,29.90
1467115,29.62,29.90
1469142,29.62,29.90
1471168,29.61,29.90
1473194,29.63,29.90
1475220,29.63,29.90
1477246,29.64,29.90
1479272,29.64,29.90
1481298,29.63,29.90
1483325,29.63,29.90
1485351,29.63,29.90
1487377,29.63,29.90
1489403,29.63,29.90
1491430,29.63,29.90
1493456,29.62,29.90
1495482,29.62,29.90
1497509,29.62,29.90
1499535,29.62,29.90
1501561,29.63,29.90
1503587,29.63,29.90
1505613,29.62,29.90
1507639,29.63,29.90
1509665,29.62,29.90
1511692,29.62,29.90
1513718,29.62,29.90
1515744,29.62,29.90
1517770,29.62,29.90
1519796,29.61,29.90
1521822,29.62,29.90
1523848,29.62,29.90
1525875,29.62,29.90
1527901,29.63,29.90
1529927,29.63,29.90
1531953,29.62,29.90
1533979,29.62,29.90
1536005,29.62,29.90
1538031,29.61,29.90
1540058,29.61,29.90
1542084,29.61,29.90
1544110,29.62,29.90
1546136,29.62,29.90
1548162,29.62,29.90
1550188,29.62,29.90
1552214,29.62,29.90
1554241,29.62,29.90
1556267,29.63,29.90
1558293,29.63,29.90
1560319,29.62,29.90
1562345,29.63,29.90
1564371,29.63,29.90
1566398,29.61,29.90
1568424,29.61,29.90
1570450,29.61,29.90
1572476,29.62,29.90
1574503,29.62,29.90
1576529,29.61,29.90
1578555,29.61,29.90
1580581,29.61,29.90
1582608,29.61,29.90
1584634,29.61,29.90
1586660,29.61,29.90
1588686,29.62,29.90
1590712,29.63,29.90
1592738,29.62,29.90
1594765,29.63,29.90
1596791,29.63,29.90
1598817,29.63,29.90
1600843,29.62,29.90
1602869,29.62,29.90
1604895,29.61,29.90
1606921,29.61,29.90
1608948,29.61,29.90
1610974,29.60,29.90
1613000,29.61,29.90
1615026,29.60,29.90
1617052,29.60,29.90
1619078,29.60,29.90
1621104,29.61,29.90
1623131,29.61,29.90
1625157,29.61,29.90
1627183,29.61,29.90
1629209,29.61,29.90
1631235,29.62,29.90
1633261,29.63,29.90
1635287,29.62,29.90
1637314,29.62,29.90
1639340,29.63,29.90
1641366,29.62,29.90
1643392,29.62,29.90
1645418,29.61,29.90
1647445,29.61,29.90
1649471,29.61,29.90
1651498,29.61,29.90
1653524,29.61,29.90
1655550,29.62,29.90
1657576,29.63,29.90
1659603,29.62,29.90
1661629,29.63,29.90
1663655,29.63,29.90
1665681,29.63,29.90
1667707,29.62,29.90
1669733,29.62,29.90
1671759,29.61,29.90
1673786,29.61,29.90
1675812,29.61,29.90
1677838,29.61,29.90
1679864,29.61,29.90
1681890,29.61,29.90
1683916,29.60,29.90
1685942,29.60,29.90
1687969,29.60,29.90
1689995,29.60,29.90
1692021,29.59,29.90
1694047,29.60,29.90
1696073,29.60,29.90
1698099,29.59,29.90
1700126,29.60,29.90
1702152,29.59,29.90
1704178,29.59,29.90
1706204,29.59,29.90
1708230,29.59,29.90
1710256,29.59,29.90
1712282,29.58,29.90
1714309,29.58,29.90
1716335,29.57,29.90
1718361,29.57,29.90
1720387,29.58,29.90
1722413,29.58,29.90
1724440,29.58,29.90
1726466,29.58,29.90
1728492,29.58,29.90
1730518,29.58,29.90
1732544,29.58,29.80
1734570,29.57,29.90
1736596,29.58,29.90
1738623,29.58,29.80
1740648,29.58,29.90
1742674,29.58,29.90
1744700,29.58,29.90
1746726,29.58,29.80
1748752,29.58,29.80
1750778,29.58,29.90
1752804,29.58,29.80
1754830,29.58,29.80
1756856,29.58,29.90
1758883,29.58,29.90
1760909,29.58,29.80
1762935,29.59,29.90
1764961,29.58,29.90
1766988,29.58,29.90
1769014,29.57,29.90
1771040,29.58,29.80
1773066,29.57,29.80
1775092,29.57,29.90
1777119,29.57,29.80
1779145,29.56,29.80
1781171,29.57,29.80
1783197,29.56,29.80
1785223,29.57,29.80
1787249,29.57,29.80
1789275,29.58,29.80
1791301,29.58,29.80
1793327,29.58,29.80
1795353,29.57,29.80
1797379,29.57,29.80
1799405,29.57,29.80
1801431,29.57,29.80
1803457,29.56,29.80
1805483,29.56,29.80
1807509,29.57,29.80
1809535,29.57,29.80
1811561,29.56,29.80
1813588,29.56,29.80
1815614,29.56,29.80
1817640,29.56,29.80
1819666,29.56,29.80
1821692,29.55,29.80
1823718,29.54,29.80
1825744,29.54,29.80
1827770,29.53,29.80
1829796,29.52,29.80
1831822,29.51,29.80
1833848,29.50,29.80
1835874,29.50,29.80
1837900,29.49,29.80
1839926,29.48,29.80
1841952,29.47,29.80
1843978,29.46,29.80
1846004,29.44,29.80
1848030,29.44,29.80
1850056,29.44,29.70
1852083,29.44,29.70
1854109,29.43,29.70
1856135,29.42,29.70
1858161,29.42,29.70
1860187,29.42,29.70
1862214,29.41,29.70
1864240,29.40,29.70
1866266,29.40,29.70
1868292,29.40,29.70
1870318,29.40,29.70
1872345,29.39,29.70
1874371,29.38,29.70
1876397,29.38,29.70
1878423,29.37,29.60
1880449,29.36,29.60
1882475,29.35,29.60
1884501,29.35,29.60
1886528,29.34,29.60
1888554,29.34,29.60
1890580,29.34,29.60
1892606,29.32,29.60
1894632,29.32,29.60
1896659,29.32,29.60
1898685,29.33,29.60
1900710,29.32,29.60
1902736,29.32,29.60
1904762,29.32,29.60
1906788,29.32,29.60
1908814,29.32,29.60
1910840,29.31,29.60
1912866,29.31,29.60
1914892,29.31,29.60
1916918,29.30,29.60
1918944,29.30,29.60
1920970,29.30,29.40
1922996,29.30,29.40
1925022,29.30,29.40
1927048,29.30,29.40
1929074,29.28,29.40
1931100,29.28,29.40
1933126,29.28,29.40
1935152,29.29,29.40
1937178,29.28,29.40
1939204,29.27,29.40
1941231,29.27,29.40
1943257,29.26,29.40
1945283,29.26,29.40
1947309,29.26,29.40
1949335,29.26,29.40
1951361,29.25,29.40
1953387,29.25,29.40
1955413,29.25,29.40
1957439,29.24,29.40
1959465,29.24,29.40
1961491,29.24,29.40
1963517,29.23,29.40
1965543,29.23,29.40
1967569,29.23,29.40
1969595,29.23,29.40
1971621,29.23,29.40
1973647,29.22,29.40
1975673,29.22,29.40
1977699,29.21,29.40
1979725,29.22,29.40
1981751,29.22,29.40
1983777,29.21,29.40
1985803,29.19,29.40
1987829,29.19,29.30
1989855,29.19,29.30
1991881,29.18,29.30
1993907,29.18,29.30
1995934,29.18,29.30
1997959,29.18,29.30
1999985,29.18,29.30
2002011,29.18,29.30
2004037,29.17,29.30
2006063,29.17,29.30
2008089,29.17,29.30
2010115,29.17,29.30
2012142,29.16,29.30
2014168,29.16,29.30
2016194,29.15,29.30
2018220,29.15,29.30
2020246,29.15,29.30
2022272,29.15,29.30
2024298,29.15,29.30
2026324,29.14,29.30
2028351,29.14,29.30
2030376,29.14,29.30
2032402,29.14,29.30
2034428,29.14,29.30
2036454,29.13,29.30
2038480,29.13,29.30
2040506,29.13,29.30
2042532,29.13,29.30
2044558,29.13,29.30
2046584,29.14,29.30
2048610,29.14,29.30
2050636,29.13,29.30
2052662,29.13,29.30
2054688,29.12,29.30
2056714,29.12,29.30
2058741,29.12,29.30
2060767,29.12,29.30
2062793,29.12,29.30
2064819,29.11,29.30
2066845,29.11,29.30
2068872,29.10,29.30
2070898,29.10,29.30
2072924,29.10,29.30
2074950,29.10,29.30
2076976,29.08,29.30
2079003,29.09,29.30
2081029,29.08,29.20
2083055,29.08,29.20
2085081,29.08,29.20
2087107,29.09,29.20
2089133,29.08,29.20
2091159,29.07,29.20
2093185,29.07,29.20
2095211,29.06,29.20
2097238,29.07,29.20
2099264,29.07,29.20
2101290,29.06,29.20
2103316,29.06,29.20
2105342,29.06,29.20
2107368,29.06,29.20
2109394,29.05,29.20
2111420,29.06,29.20
2113446,29.05,29.20
2115472,29.06,29.20
2117499,29.05,29.20
2119525,29.05,29.20
2121551,29.06,29.20
2123577,29.05,29.20
2125603,29.06,29.20
2127629,29.05,29.20
2129655,29.04,29.20
2131681,29.04,29.20
2133707,29.05,29.20
2135733,29.04,29.20
2137760,29.04,29.20
2139786,29.06,29.20
2141812,29.05,29.20
2143838,29.06,29.20
2145864,29.06,29.20
2147890,29.06,29.20
2149916,29.06,29.20
2151942,29.06,29.20
2153968,29.06,29.20
2155994,29.06,29.20
2158021,29.06,29.20
2160047,29.05,29.20
2162073,29.06,29.20
2164099,29.06,29.20
2166125,29.06,29.20
2168151,29.05,29.20
2170177,29.06,29.20
2172203,29.06,29.20
2174229,29.06,29.30
2176256,29.07,29.30
2178282,29.08,29.30
2180308,29.09,29.30
2182334,29.09,29.30
2184361,29.09,29.30
2186387,29.08,29.30
2188413,29.09,29.30
2190440,29.09,29.30
2192466,29.10,29.30
2194492,29.10,29.30
2196518,29.10,29.30
2198545,29.10,29.30
2200571,29.10,29.30
2202597,29.10,29.30
2204623,29.09,29.30
2206649,29.10,29.30
2208676,29.10,29.30
2210702,29.09,29.30
2212728,29.10,29.30
2214754,29.11,29.30
2216780,29.11,29.30
2218806,29.11,29.30
2220832,29.11,29.30
2222858,29.11,29.30
2224885,29.10,29.30
2226911,29.11,29.30
2228937,29.12,29.30
2230964,29.11,29.30
2232990,29.12,29.30
2235016,29.12,29.30
2237042,29.13,29.30
2239068,29.13,29.40
2241094,29.15,29.40
2243120,29.15,29.40
2245146,29.16,29.40
2247172,29.15,29.40
2249198,29.16,29.40
2251224,29.16,29.40
2253250,29.17,29.40
2255276,29.16,29.40
2257302,29.17,29.40
2259328,29.16,29.40
2261354,29.18,29.40
2263381,29.17,29.40
2265407,29.16,29.40
2267433,29.16,29.40
2269459,29.16,29.40
2271485,29.16,29.40
2273511,29.16,29.40
2275537,29.16,29.40
2277563,29.16,29.40
2279589,29.16,29.40
2281615,29.16,29.40
2283641,29.15,29.40
2285667,29.16,29.40
2287693,29.16,29.40
2289719,29.16,29.40
2291745,29.16,29.40
2293771,29.16,29.40
2295797,29.17,29.40
2297823,29.16,29.40
2299849,29.16,29.40
2301875,29.16,29.40
2303901,29.15,29.40
2305927,29.16,29.40
2307953,29.15,29.40
2309979,29.16,29.40
2312005,29.15,29.40
2314032,29.16,29.40
2316058,29.16,29.40
2318084,29.16,29.40
2320110,29.17,29.40
2322136,29.17,29.40
2324162,29.18,29.40
2326188,29.18,29.40
2328214,29.18,29.40
2330240,29.18,29.40
2332266,29.18,29.40
2334292,29.19,29.40
2336318,29.21,29.40
2338344,29.23,29.40
2340370,29.24,29.40
2342396,29.25,29.60
2344422,29.26,29.60
2346448,29.27,29.60
2348475,29.28,29.60
2350501,29.29,29.60
2352527,29.31,29.60
2354553,29.32,29.60
2356580,29.32,29.60
2358606,29.32,29.60
2360632,29.32,29.60
2362658,29.31,29.60
2364684,29.31,29.60
2366710,29.32,29.60
2368736,29.33,29.60
2370762,29.34,29.60
2372788,29.34,29.70
2374814,29.33,29.70
2376841,29.34,29.70
2378867,29.35,29.70
2380893,29.34,29.70
2382919,29.34,29.70
2384945,29.34,29.70
2386971,29.34,29.70
2388998,29.33,29.70
2391024,29.33,29.70
2393050,29.34,29.70
2395076,29.36,29.70
2397102,29.36,29.70
2399128,29.36,29.70
2401154,29.37,29.70
2403180,29.37,29.70
2405206,29.37,29.70
2407233,29.37,29.70
2409259,29.38,29.70
2411285,29.38,29.70
2413311,29.38,29.70
2415337,29.38,29.70
2417363,29.37,29.70
2419389,29.40,29.70
2421415,29.41,29.70
2423441,29.40,29.70
2425467,29.41,29.70
2427493,29.40,29.70
2429520,29.42,29.70
2431546,29.42,29.80
2433572,29.43,29.70
2435598,29.43,29.80
2437624,29.43,29.80
2439650,29.44,29.80
2441676,29.59,29.80
2443703,29.52,29.80
2445728,29.51,29.80
2447755,29.68,29.80
2449781,29.60,29.80
2451807,29.58,29.80
2453833,29.57,29.80
2455859,29.55,29.80
2457885,29.57,29.80
2459911,29.55,29.80
2461937,29.53,29.80
2463963,29.53,29.80
2465989,29.52,29.80
2468015,29.52,29.80
2470041,29.54,29.80
2472067,29.54,29.80
2474093,29.52,29.80
2476119,29.52,29.80
2478145,29.50,29.80
2480171,29.50,29.80
2482197,29.49,29.80
2484223,29.50,29.80
2486249,29.51,29.80
2488275,29.49,29.80
2490301,29.49,29.80
2492327,29.49,29.80
2494354,29.51,29.80
2496380,29.51,29.80
2498406,29.54,29.80
2500432,29.53,29.80
2502458,29.54,29.80
2504484,29.53,29.80
2506510,29.52,29.80
2508536,29.53,29.80
2510562,29.51,29.80
2512588,29.57,29.80
2514614,29.57,29.80
2516640,29.57,29.80
2518666,29.60,29.80
2520692,29.63,29.80
2522718,29.61,29.80
2524744,29.59,29.80
2526770,29.58,29.80
2528796,29.60,29.80
2530823,29.60,29.80
2532849,29.63,29.80
2534875,29.61,29.90
2536901,29.62,29.90
2538926,29.61,29.90
2540952,29.61,29.90
2542978,29.61,29.90
2545004,29.61,29.90
2547030,29.63,29.90
2549056,29.62,29.90
2551082,29.61,29.80
2553108,29.59,29.90
2555134,29.62,29.90
2557160,29.62,29.90
2559186,29.64,29.90
2561212,29.64,29.80
2563238,29.63,29.90
2565264,29.61,29.90
2567290,29.60,29.90
2569317,29.61,29.90
2571343,29.60,29.90
2573369,29.59,29.90
2575395,29.60,29.90
2577421,29.63,29.90
2579447,29.61,29.90
2581473,29.60,29.90
2583499,29.60,29.90
2585525,29.64,29.90
2587551,29.67,29.90
2589577,29.65,29.90
2591604,29.67,29.90
2593630,29.65,29.90
2595656,29.65,29.90
2597682,29.65,29.90
2599708,29.65,29.90
2601734,29.66,29.90
2603760,29.68,29.90
2605786,29.67,29.90
2607812,29.67,29.90
2609838,29.65,29.90
2611865,29.67,29.90
2613891,29.69,29.90
2615917,29.71,29.90
2617943,29.72,29.90
2619969,29.75,29.90
2621995,29.75,29.90
2624021,29.78,29.90
2626047,29.77,29.90
2628073,29.77,30.00
2630099,29.74,30.00
2632125,29.73,29.90
2634151,29.76,30.00
2636177,29.74,30.00
2638203,29.73,30.00
2640229,29.74,30.00
2642255,29.75,29.90
2644282,29.75,29.90
2646308,29.78,29.90
2648334,29.78,30.00
2650360,29.78,30.00
2652386,29.80,30.00
2654412,29.81,29.90
2656438,29.79,30.00
2658464,29.81,29.90
2660491,29.82,30.00
2662517,29.82,30.00
2664543,29.84,30.00
2666569,29.86,30.00
2668595,29.88,30.00
2670621,29.88,30.00
2672647,29.91,30.00
2674673,29.92,30.00
2676699,29.91,30.00
2678725,29.89,30.10
2680750,29.86,30.10
2682776,29.85,30.10
2684802,29.83,30.10
2686828,29.82,30.10
2688854,29.83,30.10
2690880,29.86,30.10
2692906,29.88,30.10
2694933,29.85,30.10
2696959,29.86,30.10
2698985,29.89,30.10
2701011,29.91,30.10
2703037,29.88,30.10
2705062,29.88,30.10
2707088,29.87,30.10
2709114,29.89,30.10
2711139,29.90,30.10
2713164,29.90,30.10
2715190,29.91,30.10
2717216,29.90,30.10
2719241,29.90,30.10
2721266,29.91,30.10
2723292,29.93,30.10
2725318,29.92,30.10
2727343,29.93,30.10
2729368,29.92,30.10
2731394,29.93,30.20
2733420,29.92,30.10
2735446,29.93,30.20
2737472,29.95,30.20
2739498,29.93,30.10
2741524,29.92,30.20
2743550,29.92,30.10
2745576,29.93,30.10
2747602,29.90,30.10
2749628,29.91,30.10
2751654,29.91,30.10
2753680,29.89,30.10
2755706,29.88,30.10
2757732,29.91,30.10
2759758,29.88,30.10
2761784,29.88,30.10
2763810,29.88,30.10
2765836,29.88,30.10
2767862,29.90,30.10
2769888,29.89,30.10
2771914,29.89,30.10
2773940,29.87,30.10
2775966,29.86,30.10
2777992,29.83,30.10
2780018,29.82,30.10
2782044,29.81,30.10
2784070,29.79,30.10
2786097,29.80,30.10
2788123,29.81,30.10
2790149,29.83,30.10
2792175,29.82,30.10
2794201,29.86,30.10
2796227,29.85,30.10
2798253,29.83,30.10
2800279,29.84,30.10
2802305,29.84,30.10
2804331,29.84,30.10
2806357,29.84,30.10
2808383,29.82,30.10
2810409,29.84,30.10
2812435,29.82,30.10
2814461,29.83,30.10
2816487,29.79,30.10
2818513,29.84,30.10
2820539,29.93,30.10
2822565,29.91,30.10
2824591,29.92,30.10
2826617,29.93,30.10
2828643,29.92,30.10
2830669,29.89,30.10
2832695,29.92,30.10
